111111111111111111111111111111
111111111111111111111111111111
111111111111111111111111111111
111111111111111111111111111111
111111111111111111111111111111
111111111111111111111111111111
111111111111111111111111111111
111111111111111111111111111111
111111111111111111111111111111
111111111111111111111111111111
222222222222222222222222222222
222222222222222222222222222222
222222222222222222222222222222
222222222222222222222222222222
222222222222222222222222222222
222222222222222222222222222222
222222222322222222222222222222
222322222232222222222222222222
222222323222222222222222222222
222222222222222222222222502222